19885138
19885176
24993615
26135345
27833048
27899768
29085571
30199540
32060194
32166554
32199696
32641437
33444495
33739297
33826120
34322508
34909309
35179802
35276989
37024596
37049602
37490006
38095391
38271325
38500840
39203800
39203828
39267053
39299543
39299545
39725041
39899119
39911696
39921911
39926793
39965719
40000314
40001132
40008664
40129320
40219014
40342065
40362714
40367729
40430185
40533200
40641818
40737109
39273678
39238846
39193706
38956175
38932663
38904963
38719726
38707009
38527606
38472140
38332802
38307325
38302075
37764710
37747075
37630716
37368850
37313231
37308416
37299535
37196707
37042857
37042508
36888890
36831708
36725794
36647882
36515429
36508320
36326405
36225477
36225474
36192924
35215472
34594306
34579056
34513959
34470186
34418079
34391831
34371888
34352288
34327475
34277987
34192792
34114616
34111272
34107698
34082399
34068302
33992572
33950260
33950202
33901626
33898960
33897618
33849562
33845053
33831950
33770194
33763029
33671898
33636417
33531076
33516783
33407612
33319233
33193730
33143722
33105701
33013447
32780629
32776136
32775407
32761356
32758488
32676844
32614382
32610875
32580710
32569590
32554646
32372521
32367477
31946983
31410107
31406105
31218007
31183696
31108105
30952576
30902672
30792482
30683819
30646030
30641167
30479647
30460578
30401004
30301822
30294696
30200572
30135136
29712667
29405359
29300979
29145148
28945141
28853981
28758418
28602020
28465792
28445443
28407662
28384165
28214525
28104753
28031781
27517953
27473445
27069564
26978122
26819200
26471783
26301064
25972575
25703309
25666934
25645620
25317236
25179887
25156748
25103977
24944132
24782359
24731906
24723046
24631129
24186881
24082307
23984050
23709585
22278428
20380627
19946661
19022170
18700442
18379124
17724542
17618951
16176188
16011467
15306831
14585088
12941710
12759896
12680290
12558961
11928538
9538962
8971092
40767317
40565316
40346571
40163884
40066156
40059409
40047381
40028226
39991046
39970768
39964999
39941418
39861423
39848865
39827461
39814193
39796469
39775529
39770930
39763275
39760051
39757236
39743858
39732588
39716568
39697862
39692824
39692222
39683597
39615788
39614645
39614235
39613428
39609683
39584020
39567986
39553053
39544889
39534512
39505341
39501676
39492963
39458528
39458471
39447676
39434160
39418832
39414086
39405453
39385029
39369112
39327619
39298616
39261391
39236000
39203812
39191620
39174934
39173583
39147796
39146876
39087348
39061903
39052333
39039602
38999849
38931204
38924315
38923278
38918764
38915859
38910053
38901423
38897385
38881838
38866393
38850405
38812084
38800782
38717715
38714664
38692159
38674802
38646104
38642842
38625630
38538360
38536726
38502858
38499159
38474850
38461852
38452099
38398802
38379117
38356103
38337642
38335125
38320995
38290134
38285004
38276302
38230898
38220409
38205540
38202341
38198291
38195578
38184948
38183054
38172970
38158024
38153079
38128124
38077744
38004236
37993559
37906749
37892742
37875984
37838299
37832180
37827491
37823968
37808966
37786321
37722875
37717500
37685152
37651598
37587803
37584686
37576544
37567977
37549455
37545298
37521969
37512003
37478810
37454541
37453419
37447379
37408258
37395322
37362383
37334045
37331215
37294048
37263255
37263132
37248144
37242218
37242145
37229479
37228621
37203871
37203871
37196859
37192235
37166980
37127173
37118092
37073865
37057877
37000111
36973824
36963859
36925956
36912474
36911497
36880187
36866742
36863747
36861455
36856728
36839342
36831200
36771239
36710112
36631606
36631068
36624580
36613492
36598516
36576283
36548712
36530586
36518092
36506940
36451744
36432465
36409897
36337640
36333203
36322540
36305681
36291231
36288279
36287320
36257081
36177730
36157064
36121143
36089614